1 0.516521 0.571171 0.313879 0.0629987 0.0705506
1 0.548357 0.485276 0.391959 0.100127 0.039248
1 0.56105 0.641146 0.302824 0.0902402 0.0230631
1 0.47181 0.609481 0.408915 0.149751 0.0193883
1 0.649019 0.379149 0.642223 0.117296 0.0179133
0 0.521197 0.582571 0.325683 0.0906446 0.0161099
0 0.571605 0.628933 0.817746 0.411279 0.0142257
1 0.621526 0.408169 0.503134 0.0548955 0.0140219
1 0.633159 0.608774 0.692547 0.407417 0.0136801
0 0.958742 0.248246 0.0825152 0.207416 0.0130472
1 0.465876 0.663399 0.488753 0.131344 0.011627
0 0.974433 0.730228 0.0511333 0.247516 0.0115115
0 0.224029 0.502281 0.448039 0.210297 0.0113741
0 0.551778 0.473496 0.392267 0.115642 0.0110133
0 0.462504 0.669261 0.487943 0.14551 0.0109578
1 0.661153 0.315788 0.623917 0.184322 0.0109117
0 0.530977 0.0146974 0.893911 0.0240393 0.0107906
0 0.460701 0.0234692 0.717556 0.0469383 0.0104311
0 0.816622 0.733136 0.318707 0.196353 0.0103905
1 0.549883 0.597774 0.298329 0.0794589 0.0101057
0 0.349225 0.0693183 0.693768 0.138637 0.0100767
1 0.924734 0.180162 0.150531 0.067354 0.0100214
